|states=1|
batchSize=1
0
1

|states=2|
batchSize=2
00
01
11

batchSize=1
00
01
11
10

|states=3|
batchSize=3
000
011
101
111
110

batchSize=2
000
011
001
101
111
110

batchSize=1
000
001
011
010
110
111
101
100

|states=4|
batchSize=4
0000
0111
1001
1111
1010
1110
1100
0100

batchSize=3
0000
0111
0001
0011
0010
1010
1111
1001
1101
1100

batchSize=2
0000
0011
0001
0101
0111
0110
1110
1111
1101

batchSize=1
0000
0001
0011
0010
0110
0111
0101
0100
1100
1101
1111
1110
1010
1011
1001
1000

|states=5|
batchSize=5
00000
01111
10001
00111
10010
00110
10100
11111
10101
11101
11100
01100
01000

batchSize=4
00000
00111
01001
01111
01010
01110
01100
00100
10100
10011
11000
11011
11101
11111
11110
10110

batchSize=3
00000
00111
00001
00011
00010
01010
01111
01001
01101
01100
11100
11111
11001
11011
11010


batchSize=4
00000
00011
00001
01101
01111
01110
00110
00111
00101
10101
10111
10110
11110
11111
11101
11001
11011
11010

batchSize=5
running...
