26231137 8
0 1 2 3 4 5 6 3 8 9 10 9 12 5 6 7 
26231141 8
0 1 2 3 4 5 6 3 8 9 10 9 12 5 6 11 
26231145 8
0 1 2 3 4 5 6 3 8 9 10 9 12 5 6 15 
26231182 8
0 1 2 3 4 5 6 3 8 9 10 9 12 12 6 7 
26231186 8
0 1 2 3 4 5 6 3 8 9 10 9 12 12 6 11 
26231188 8
0 1 2 3 4 5 6 3 8 9 10 9 12 12 6 13 
26231189 8
0 1 2 3 4 5 6 3 8 9 10 9 12 12 6 14 
26231190 8
0 1 2 3 4 5 6 3 8 9 10 9 12 12 6 15 
26231196 8
0 1 2 3 4 5 6 3 8 9 10 9 12 13 6 6 
26231197 8
0 1 2 3 4 5 6 3 8 9 10 9 12 13 6 7 
26231201 8
0 1 2 3 4 5 6 3 8 9 10 9 12 13 6 11 
26231204 8
0 1 2 3 4 5 6 3 8 9 10 9 12 13 6 14 
26231205 8
0 1 2 3 4 5 6 3 8 9 10 9 12 13 6 15 
26231242 8
0 1 2 3 4 5 6 3 8 9 10 10 12 5 6 7 
26231246 8
0 1 2 3 4 5 6 3 8 9 10 10 12 5 6 11 
26231250 8
0 1 2 3 4 5 6 3 8 9 10 10 12 5 6 15 
26231276 8
0 1 2 3 4 5 6 3 8 9 10 10 12 9 6 11 
26231279 8
0 1 2 3 4 5 6 3 8 9 10 10 12 9 6 14 
26231280 8
0 1 2 3 4 5 6 3 8 9 10 10 12 9 6 15 
26231287 8
0 1 2 3 4 5 6 3 8 9 10 10 12 12 6 7 
26231294 8
0 1 2 3 4 5 6 3 8 9 10 10 12 12 6 14 
26231295 8
0 1 2 3 4 5 6 3 8 9 10 10 12 12 6 15 
26231297 8
0 1 2 3 4 5 6 3 8 9 10 10 12 13 6 2 
26231302 8
0 1 2 3 4 5 6 3 8 9 10 10 12 13 6 7 
26231306 8
0 1 2 3 4 5 6 3 8 9 10 10 12 13 6 11 
26231308 8
0 1 2 3 4 5 6 3 8 9 10 10 12 13 6 13 
26231309 8
0 1 2 3 4 5 6 3 8 9 10 10 12 13 6 14 
26231310 8
0 1 2 3 4 5 6 3 8 9 10 10 12 13 6 15 
26231343 8
0 1 2 3 4 5 6 3 8 9 10 11 12 5 6 3 
26231347 8
0 1 2 3 4 5 6 3 8 9 10 11 12 5 6 7 
26231352 8
0 1 2 3 4 5 6 3 8 9 10 11 12 5 6 12 
26231355 8
0 1 2 3 4 5 6 3 8 9 10 11 12 5 6 15 
26231392 8
0 1 2 3 4 5 6 3 8 9 10 11 12 12 6 7 
26231397 8
0 1 2 3 4 5 6 3 8 9 10 11 12 12 6 12 
26231398 8
0 1 2 3 4 5 6 3 8 9 10 11 12 12 6 13 
26231399 8
0 1 2 3 4 5 6 3 8 9 10 11 12 12 6 14 
26231400 8
0 1 2 3 4 5 6 3 8 9 10 11 12 12 6 15 
26231403 8
0 1 2 3 4 5 6 3 8 9 10 11 12 13 6 3 
26231406 8
0 1 2 3 4 5 6 3 8 9 10 11 12 13 6 6 
26231407 8
0 1 2 3 4 5 6 3 8 9 10 11 12 13 6 7 
26231413 8
0 1 2 3 4 5 6 3 8 9 10 11 12 13 6 13 
26231414 8
0 1 2 3 4 5 6 3 8 9 10 11 12 13 6 14 
26231415 8
0 1 2 3 4 5 6 3 8 9 10 11 12 13 6 15 
26232611 8
0 1 2 3 4 5 6 3 8 9 10 9 12 5 10 11 
26232613 8
0 1 2 3 4 5 6 3 8 9 10 9 12 5 10 13 
26232615 8
0 1 2 3 4 5 6 3 8 9 10 9 12 5 10 15 
26232656 8
0 1 2 3 4 5 6 3 8 9 10 9 12 12 10 11 
26232658 8
0 1 2 3 4 5 6 3 8 9 10 9 12 12 10 13 
26232660 8
0 1 2 3 4 5 6 3 8 9 10 9 12 12 10 15 
26232666 8
0 1 2 3 4 5 6 3 8 9 10 9 12 13 10 6 
26232669 8
0 1 2 3 4 5 6 3 8 9 10 9 12 13 10 9 
26232671 8
0 1 2 3 4 5 6 3 8 9 10 9 12 13 10 11 
26232675 8
0 1 2 3 4 5 6 3 8 9 10 9 12 13 10 15 
26233173 8
0 1 2 3 4 5 6 3 8 9 10 3 12 12 12 3 
26233182 8
0 1 2 3 4 5 6 3 8 9 10 3 12 12 12 12 
26233185 8
0 1 2 3 4 5 6 3 8 9 10 3 12 12 12 15 
26233188 8
0 1 2 3 4 5 6 3 8 9 10 3 12 13 12 3 
26233199 8
0 1 2 3 4 5 6 3 8 9 10 3 12 13 12 14 
26233200 8
0 1 2 3 4 5 6 3 8 9 10 3 12 13 12 15 
26233342 8
0 1 2 3 4 5 6 3 8 9 10 9 12 5 12 7 
26233348 8
0 1 2 3 4 5 6 3 8 9 10 9 12 5 12 13 
26233350 8
0 1 2 3 4 5 6 3 8 9 10 9 12 5 12 15 
26233447 8
0 1 2 3 4 5 6 3 8 9 10 10 12 5 12 7 
26233451 8
0 1 2 3 4 5 6 3 8 9 10 10 12 5 12 11 
26233453 8
0 1 2 3 4 5 6 3 8 9 10 10 12 5 12 13 
26233454 8
0 1 2 3 4 5 6 3 8 9 10 10 12 5 12 14 
26233455 8
0 1 2 3 4 5 6 3 8 9 10 10 12 5 12 15 
26233481 8
0 1 2 3 4 5 6 3 8 9 10 10 12 9 12 11 
26233484 8
0 1 2 3 4 5 6 3 8 9 10 10 12 9 12 14 
26233485 8
0 1 2 3 4 5 6 3 8 9 10 10 12 9 12 15 
26233503 8
0 1 2 3 4 5 6 3 8 9 10 10 12 13 12 3 
26233507 8
0 1 2 3 4 5 6 3 8 9 10 10 12 13 12 7 
26233511 8
0 1 2 3 4 5 6 3 8 9 10 10 12 13 12 11 
26233514 8
0 1 2 3 4 5 6 3 8 9 10 10 12 13 12 14 
26233515 8
0 1 2 3 4 5 6 3 8 9 10 10 12 13 12 15 
26233552 8
0 1 2 3 4 5 6 3 8 9 10 11 12 5 12 7 
26233557 8
0 1 2 3 4 5 6 3 8 9 10 11 12 5 12 12 
26233558 8
0 1 2 3 4 5 6 3 8 9 10 11 12 5 12 13 
26233559 8
0 1 2 3 4 5 6 3 8 9 10 11 12 5 12 14 
26233560 8
0 1 2 3 4 5 6 3 8 9 10 11 12 5 12 15 
26233597 8
0 1 2 3 4 5 6 3 8 9 10 11 12 12 12 7 
26233602 8
0 1 2 3 4 5 6 3 8 9 10 11 12 12 12 12 
26233605 8
0 1 2 3 4 5 6 3 8 9 10 11 12 12 12 15 
26233611 8
0 1 2 3 4 5 6 3 8 9 10 11 12 13 12 6 
26233612 8
0 1 2 3 4 5 6 3 8 9 10 11 12 13 12 7 
26233619 8
0 1 2 3 4 5 6 3 8 9 10 11 12 13 12 14 
26233620 8
0 1 2 3 4 5 6 3 8 9 10 11 12 13 12 15 
26233908 8
0 1 2 3 4 5 6 3 8 9 10 3 12 12 14 3 
26233918 8
0 1 2 3 4 5 6 3 8 9 10 3 12 12 14 13 
26233920 8
0 1 2 3 4 5 6 3 8 9 10 3 12 12 14 15 
26233923 8
0 1 2 3 4 5 6 3 8 9 10 3 12 13 14 3 
26233933 8
0 1 2 3 4 5 6 3 8 9 10 3 12 13 14 13 
26233934 8
0 1 2 3 4 5 6 3 8 9 10 3 12 13 14 14 
26233935 8
0 1 2 3 4 5 6 3 8 9 10 3 12 13 14 15 
26234071 8
0 1 2 3 4 5 6 3 8 9 10 9 12 5 14 1 
26234077 8
0 1 2 3 4 5 6 3 8 9 10 9 12 5 14 7 
26234081 8
0 1 2 3 4 5 6 3 8 9 10 9 12 5 14 11 
26234083 8
0 1 2 3 4 5 6 3 8 9 10 9 12 5 14 13 
26234084 8
0 1 2 3 4 5 6 3 8 9 10 9 12 5 14 14 
26234085 8
0 1 2 3 4 5 6 3 8 9 10 9 12 5 14 15 
26234118 8
0 1 2 3 4 5 6 3 8 9 10 9 12 12 14 3 
26234122 8
0 1 2 3 4 5 6 3 8 9 10 9 12 12 14 7 
26234126 8
0 1 2 3 4 5 6 3 8 9 10 9 12 12 14 11 
26234128 8
0 1 2 3 4 5 6 3 8 9 10 9 12 12 14 13 
26234130 8
0 1 2 3 4 5 6 3 8 9 10 9 12 12 14 15 
26234133 8
0 1 2 3 4 5 6 3 8 9 10 9 12 13 14 3 
26234137 8
0 1 2 3 4 5 6 3 8 9 10 9 12 13 14 7 
26234139 8
0 1 2 3 4 5 6 3 8 9 10 9 12 13 14 9 
26234141 8
0 1 2 3 4 5 6 3 8 9 10 9 12 13 14 11 
26234144 8
0 1 2 3 4 5 6 3 8 9 10 9 12 13 14 14 
26234145 8
0 1 2 3 4 5 6 3 8 9 10 9 12 13 14 15 
26234180 8
0 1 2 3 4 5 6 3 8 9 10 10 12 5 14 5 
26234182 8
0 1 2 3 4 5 6 3 8 9 10 10 12 5 14 7 
26234186 8
0 1 2 3 4 5 6 3 8 9 10 10 12 5 14 11 
26234188 8
0 1 2 3 4 5 6 3 8 9 10 10 12 5 14 13 
26234190 8
0 1 2 3 4 5 6 3 8 9 10 10 12 5 14 15 
26234210 8
0 1 2 3 4 5 6 3 8 9 10 10 12 9 14 5 
26234215 8
0 1 2 3 4 5 6 3 8 9 10 10 12 9 14 10 
26234216 8
0 1 2 3 4 5 6 3 8 9 10 10 12 9 14 11 
26234220 8
0 1 2 3 4 5 6 3 8 9 10 10 12 9 14 15 
26234238 8
0 1 2 3 4 5 6 3 8 9 10 10 12 13 14 3 
26234242 8
0 1 2 3 4 5 6 3 8 9 10 10 12 13 14 7 
26234245 8
0 1 2 3 4 5 6 3 8 9 10 10 12 13 14 10 
26234246 8
0 1 2 3 4 5 6 3 8 9 10 10 12 13 14 11 
26234248 8
0 1 2 3 4 5 6 3 8 9 10 10 12 13 14 13 
26234250 8
0 1 2 3 4 5 6 3 8 9 10 10 12 13 14 15 
26234283 8
0 1 2 3 4 5 6 3 8 9 10 11 12 5 14 3 
26234285 8
0 1 2 3 4 5 6 3 8 9 10 11 12 5 14 5 
26234287 8
0 1 2 3 4 5 6 3 8 9 10 11 12 5 14 7 
26234293 8
0 1 2 3 4 5 6 3 8 9 10 11 12 5 14 13 
26234294 8
0 1 2 3 4 5 6 3 8 9 10 11 12 5 14 14 
26234295 8
0 1 2 3 4 5 6 3 8 9 10 11 12 5 14 15 
26234330 8
0 1 2 3 4 5 6 3 8 9 10 11 12 12 14 5 
26234332 8
0 1 2 3 4 5 6 3 8 9 10 11 12 12 14 7 
26234338 8
0 1 2 3 4 5 6 3 8 9 10 11 12 12 14 13 
26234340 8
0 1 2 3 4 5 6 3 8 9 10 11 12 12 14 15 
26234343 8
0 1 2 3 4 5 6 3 8 9 10 11 12 13 14 3 
26234345 8
0 1 2 3 4 5 6 3 8 9 10 11 12 13 14 5 
26234346 8
0 1 2 3 4 5 6 3 8 9 10 11 12 13 14 6 
26234347 8
0 1 2 3 4 5 6 3 8 9 10 11 12 13 14 7 
26234353 8
0 1 2 3 4 5 6 3 8 9 10 11 12 13 14 13 
26234354 8
0 1 2 3 4 5 6 3 8 9 10 11 12 13 14 14 
26234355 8
0 1 2 3 4 5 6 3 8 9 10 11 12 13 14 15 
26241247 8
0 1 2 3 4 5 6 5 8 9 10 3 12 9 6 7 
26241253 8
0 1 2 3 4 5 6 5 8 9 10 3 12 9 6 13 
26241255 8
0 1 2 3 4 5 6 5 8 9 10 3 12 9 6 15 
26241262 8
0 1 2 3 4 5 6 5 8 9 10 3 12 12 6 7 
26241268 8
0 1 2 3 4 5 6 5 8 9 10 3 12 12 6 13 
26241270 8
0 1 2 3 4 5 6 5 8 9 10 3 12 12 6 15 
26241275 8
0 1 2 3 4 5 6 5 8 9 10 3 12 13 6 5 
26241277 8
0 1 2 3 4 5 6 5 8 9 10 3 12 13 6 7 
26241280 8
0 1 2 3 4 5 6 5 8 9 10 3 12 13 6 10 
26241285 8
0 1 2 3 4 5 6 5 8 9 10 3 12 13 6 15 
26241478 8
0 1 2 3 4 5 6 5 8 9 10 9 12 12 6 13 
26241479 8
0 1 2 3 4 5 6 5 8 9 10 9 12 12 6 14 
26241480 8
0 1 2 3 4 5 6 5 8 9 10 9 12 12 6 15 
26241562 8
0 1 2 3 4 5 6 5 8 9 10 10 12 9 6 7 
26241566 8
0 1 2 3 4 5 6 5 8 9 10 10 12 9 6 11 
26241568 8
0 1 2 3 4 5 6 5 8 9 10 10 12 9 6 13 
26241569 8
0 1 2 3 4 5 6 5 8 9 10 10 12 9 6 14 
26241570 8
0 1 2 3 4 5 6 5 8 9 10 10 12 9 6 15 
26241577 8
0 1 2 3 4 5 6 5 8 9 10 10 12 12 6 7 
26241584 8
0 1 2 3 4 5 6 5 8 9 10 10 12 12 6 14 
26241585 8
0 1 2 3 4 5 6 5 8 9 10 10 12 12 6 15 
26241592 8
0 1 2 3 4 5 6 5 8 9 10 10 12 13 6 7 
26241595 8
0 1 2 3 4 5 6 5 8 9 10 10 12 13 6 10 
26241596 8
0 1 2 3 4 5 6 5 8 9 10 10 12 13 6 11 
26241599 8
0 1 2 3 4 5 6 5 8 9 10 10 12 13 6 14 
26241600 8
0 1 2 3 4 5 6 5 8 9 10 10 12 13 6 15 
26241666 8
0 1 2 3 4 5 6 5 8 9 10 11 12 9 6 6 
26241667 8
0 1 2 3 4 5 6 5 8 9 10 11 12 9 6 7 
26241673 8
0 1 2 3 4 5 6 5 8 9 10 11 12 9 6 13 
26241674 8
0 1 2 3 4 5 6 5 8 9 10 11 12 9 6 14 
26241675 8
0 1 2 3 4 5 6 5 8 9 10 11 12 9 6 15 
26241679 8
0 1 2 3 4 5 6 5 8 9 10 11 12 12 6 4 
26241682 8
0 1 2 3 4 5 6 5 8 9 10 11 12 12 6 7 
26241686 8
0 1 2 3 4 5 6 5 8 9 10 11 12 12 6 11 
26241688 8
0 1 2 3 4 5 6 5 8 9 10 11 12 12 6 13 
26241689 8
0 1 2 3 4 5 6 5 8 9 10 11 12 12 6 14 
26241690 8
0 1 2 3 4 5 6 5 8 9 10 11 12 12 6 15 
26241695 8
0 1 2 3 4 5 6 5 8 9 10 11 12 13 6 5 
26241696 8
0 1 2 3 4 5 6 5 8 9 10 11 12 13 6 6 
26241697 8
0 1 2 3 4 5 6 5 8 9 10 11 12 13 6 7 
26241701 8
0 1 2 3 4 5 6 5 8 9 10 11 12 13 6 11 
26241704 8
0 1 2 3 4 5 6 5 8 9 10 11 12 13 6 14 
26241705 8
0 1 2 3 4 5 6 5 8 9 10 11 12 13 6 15 
26242717 8
0 1 2 3 4 5 6 5 8 9 10 3 12 9 10 7 
26242721 8
0 1 2 3 4 5 6 5 8 9 10 3 12 9 10 11 
26242725 8
0 1 2 3 4 5 6 5 8 9 10 3 12 9 10 15 
26242732 8
0 1 2 3 4 5 6 5 8 9 10 3 12 12 10 7 
26242736 8
0 1 2 3 4 5 6 5 8 9 10 3 12 12 10 11 
26242738 8
0 1 2 3 4 5 6 5 8 9 10 3 12 12 10 13 
26242739 8
0 1 2 3 4 5 6 5 8 9 10 3 12 12 10 14 
26242740 8
0 1 2 3 4 5 6 5 8 9 10 3 12 12 10 15 
26242747 8
0 1 2 3 4 5 6 5 8 9 10 3 12 13 10 7 
26242750 8
0 1 2 3 4 5 6 5 8 9 10 3 12 13 10 10 
26242751 8
0 1 2 3 4 5 6 5 8 9 10 3 12 13 10 11 
26242754 8
0 1 2 3 4 5 6 5 8 9 10 3 12 13 10 14 
26242755 8
0 1 2 3 4 5 6 5 8 9 10 3 12 13 10 15 
26242948 8
0 1 2 3 4 5 6 5 8 9 10 9 12 12 10 13 
26242949 8
0 1 2 3 4 5 6 5 8 9 10 9 12 12 10 14 
26242950 8
0 1 2 3 4 5 6 5 8 9 10 9 12 12 10 15 
26243000 8
0 1 2 3 4 5 6 5 8 9 10 10 12 5 10 5 
26243005 8
0 1 2 3 4 5 6 5 8 9 10 10 12 5 10 10 
26243010 8
0 1 2 3 4 5 6 5 8 9 10 10 12 5 10 15 
26243062 8
0 1 2 3 4 5 6 5 8 9 10 10 12 13 10 7 
26243065 8
0 1 2 3 4 5 6 5 8 9 10 10 12 13 10 10 
26243070 8
0 1 2 3 4 5 6 5 8 9 10 10 12 13 10 15 
26243105 8
0 1 2 3 4 5 6 5 8 9 10 11 12 5 10 5 
26243114 8
0 1 2 3 4 5 6 5 8 9 10 11 12 5 10 14 
26243115 8
0 1 2 3 4 5 6 5 8 9 10 11 12 5 10 15 
26243150 8
0 1 2 3 4 5 6 5 8 9 10 11 12 12 10 5 
26243152 8
0 1 2 3 4 5 6 5 8 9 10 11 12 12 10 7 
26243158 8
0 1 2 3 4 5 6 5 8 9 10 11 12 12 10 13 
26243159 8
0 1 2 3 4 5 6 5 8 9 10 11 12 12 10 14 
26243160 8
0 1 2 3 4 5 6 5 8 9 10 11 12 12 10 15 
26243166 8
0 1 2 3 4 5 6 5 8 9 10 11 12 13 10 6 
26243167 8
0 1 2 3 4 5 6 5 8 9 10 11 12 13 10 7 
26243174 8
0 1 2 3 4 5 6 5 8 9 10 11 12 13 10 14 
26243175 8
0 1 2 3 4 5 6 5 8 9 10 11 12 13 10 15 
26243456 8
0 1 2 3 4 5 6 5 8 9 10 3 12 9 12 11 
26243458 8
0 1 2 3 4 5 6 5 8 9 10 3 12 9 12 13 
26243460 8
0 1 2 3 4 5 6 5 8 9 10 3 12 9 12 15 
26243771 8
0 1 2 3 4 5 6 5 8 9 10 10 12 9 12 11 
26243773 8
0 1 2 3 4 5 6 5 8 9 10 10 12 9 12 13 
26243775 8
0 1 2 3 4 5 6 5 8 9 10 10 12 9 12 15 
26243871 8
0 1 2 3 4 5 6 5 8 9 10 11 12 9 12 6 
26243874 8
0 1 2 3 4 5 6 5 8 9 10 11 12 9 12 9 
26243878 8
0 1 2 3 4 5 6 5 8 9 10 11 12 9 12 13 
26243880 8
0 1 2 3 4 5 6 5 8 9 10 11 12 9 12 15 
26244181 8
0 1 2 3 4 5 6 5 8 9 10 3 12 9 14 1 
26244187 8
0 1 2 3 4 5 6 5 8 9 10 3 12 9 14 7 
26244191 8
0 1 2 3 4 5 6 5 8 9 10 3 12 9 14 11 
26244193 8
0 1 2 3 4 5 6 5 8 9 10 3 12 9 14 13 
26244194 8
0 1 2 3 4 5 6 5 8 9 10 3 12 9 14 14 
26244195 8
0 1 2 3 4 5 6 5 8 9 10 3 12 9 14 15 
26244198 8
0 1 2 3 4 5 6 5 8 9 10 3 12 12 14 3 
26244202 8
0 1 2 3 4 5 6 5 8 9 10 3 12 12 14 7 
26244206 8
0 1 2 3 4 5 6 5 8 9 10 3 12 12 14 11 
26244208 8
0 1 2 3 4 5 6 5 8 9 10 3 12 12 14 13 
26244210 8
0 1 2 3 4 5 6 5 8 9 10 3 12 12 14 15 
26244213 8
0 1 2 3 4 5 6 5 8 9 10 3 12 13 14 3 
26244215 8
0 1 2 3 4 5 6 5 8 9 10 3 12 13 14 5 
26244217 8
0 1 2 3 4 5 6 5 8 9 10 3 12 13 14 7 
26244221 8
0 1 2 3 4 5 6 5 8 9 10 3 12 13 14 11 
26244224 8
0 1 2 3 4 5 6 5 8 9 10 3 12 13 14 14 
26244225 8
0 1 2 3 4 5 6 5 8 9 10 3 12 13 14 15 
26244408 8
0 1 2 3 4 5 6 5 8 9 10 9 12 12 14 3 
26244417 8
0 1 2 3 4 5 6 5 8 9 10 9 12 12 14 12 
26244418 8
0 1 2 3 4 5 6 5 8 9 10 9 12 12 14 13 
26244420 8
0 1 2 3 4 5 6 5 8 9 10 9 12 12 14 15 
26244470 8
0 1 2 3 4 5 6 5 8 9 10 10 12 5 14 5 
26244476 8
0 1 2 3 4 5 6 5 8 9 10 10 12 5 14 11 
26244480 8
0 1 2 3 4 5 6 5 8 9 10 10 12 5 14 15 
26244500 8
0 1 2 3 4 5 6 5 8 9 10 10 12 9 14 5 
26244502 8
0 1 2 3 4 5 6 5 8 9 10 10 12 9 14 7 
26244506 8
0 1 2 3 4 5 6 5 8 9 10 10 12 9 14 11 
26244508 8
0 1 2 3 4 5 6 5 8 9 10 10 12 9 14 13 
26244510 8
0 1 2 3 4 5 6 5 8 9 10 10 12 9 14 15 
26244528 8
0 1 2 3 4 5 6 5 8 9 10 10 12 13 14 3 
26244532 8
0 1 2 3 4 5 6 5 8 9 10 10 12 13 14 7 
26244536 8
0 1 2 3 4 5 6 5 8 9 10 10 12 13 14 11 
26244540 8
0 1 2 3 4 5 6 5 8 9 10 10 12 13 14 15 
26244575 8
0 1 2 3 4 5 6 5 8 9 10 11 12 5 14 5 
26244581 8
0 1 2 3 4 5 6 5 8 9 10 11 12 5 14 11 
26244584 8
0 1 2 3 4 5 6 5 8 9 10 11 12 5 14 14 
26244585 8
0 1 2 3 4 5 6 5 8 9 10 11 12 5 14 15 
26244605 8
0 1 2 3 4 5 6 5 8 9 10 11 12 9 14 5 
26244607 8
0 1 2 3 4 5 6 5 8 9 10 11 12 9 14 7 
26244609 8
0 1 2 3 4 5 6 5 8 9 10 11 12 9 14 9 
26244613 8
0 1 2 3 4 5 6 5 8 9 10 11 12 9 14 13 
26244614 8
0 1 2 3 4 5 6 5 8 9 10 11 12 9 14 14 
26244615 8
0 1 2 3 4 5 6 5 8 9 10 11 12 9 14 15 
26244620 8
0 1 2 3 4 5 6 5 8 9 10 11 12 12 14 5 
26244622 8
0 1 2 3 4 5 6 5 8 9 10 11 12 12 14 7 
26244626 8
0 1 2 3 4 5 6 5 8 9 10 11 12 12 14 11 
26244627 8
0 1 2 3 4 5 6 5 8 9 10 11 12 12 14 12 
26244628 8
0 1 2 3 4 5 6 5 8 9 10 11 12 12 14 13 
26244630 8
0 1 2 3 4 5 6 5 8 9 10 11 12 12 14 15 
26244633 8
0 1 2 3 4 5 6 5 8 9 10 11 12 13 14 3 
26244635 8
0 1 2 3 4 5 6 5 8 9 10 11 12 13 14 5 
26244636 8
0 1 2 3 4 5 6 5 8 9 10 11 12 13 14 6 
26244637 8
0 1 2 3 4 5 6 5 8 9 10 11 12 13 14 7 
26244641 8
0 1 2 3 4 5 6 5 8 9 10 11 12 13 14 11 
26244644 8
0 1 2 3 4 5 6 5 8 9 10 11 12 13 14 14 
26244645 8
0 1 2 3 4 5 6 5 8 9 10 11 12 13 14 15 
26246601 8
0 1 2 3 4 5 6 6 8 9 10 9 12 9 6 6 
26246604 8
0 1 2 3 4 5 6 6 8 9 10 9 12 9 6 9 
26246610 8
0 1 2 3 4 5 6 6 8 9 10 9 12 9 6 15 
26246631 8
0 1 2 3 4 5 6 6 8 9 10 9 12 13 6 6 
26246636 8
0 1 2 3 4 5 6 6 8 9 10 9 12 13 6 11 
26246640 8
0 1 2 3 4 5 6 6 8 9 10 9 12 13 6 15 
26246811 8
0 1 2 3 4 5 6 6 8 9 10 11 12 9 6 6 
26246818 8
0 1 2 3 4 5 6 6 8 9 10 11 12 9 6 13 
26246820 8
0 1 2 3 4 5 6 6 8 9 10 11 12 9 6 15 
26246841 8
0 1 2 3 4 5 6 6 8 9 10 11 12 13 6 6 
26246846 8
0 1 2 3 4 5 6 6 8 9 10 11 12 13 6 11 
26246848 8
0 1 2 3 4 5 6 6 8 9 10 11 12 13 6 13 
26246850 8
0 1 2 3 4 5 6 6 8 9 10 11 12 13 6 15 
26247832 8
0 1 2 3 4 5 6 6 8 9 10 3 12 5 10 7 
26247839 8
0 1 2 3 4 5 6 6 8 9 10 3 12 5 10 14 
26247840 8
0 1 2 3 4 5 6 6 8 9 10 3 12 5 10 15 
26247862 8
0 1 2 3 4 5 6 6 8 9 10 3 12 9 10 7 
26247866 8
0 1 2 3 4 5 6 6 8 9 10 3 12 9 10 11 
26247870 8
0 1 2 3 4 5 6 6 8 9 10 3 12 9 10 15 
26247881 8
0 1 2 3 4 5 6 6 8 9 10 3 12 12 10 11 
26247884 8
0 1 2 3 4 5 6 6 8 9 10 3 12 12 10 14 
26247885 8
0 1 2 3 4 5 6 6 8 9 10 3 12 12 10 15 
26247887 8
0 1 2 3 4 5 6 6 8 9 10 3 12 13 10 2 
26247892 8
0 1 2 3 4 5 6 6 8 9 10 3 12 13 10 7 
26247896 8
0 1 2 3 4 5 6 6 8 9 10 3 12 13 10 11 
26247898 8
0 1 2 3 4 5 6 6 8 9 10 3 12 13 10 13 
26247899 8
0 1 2 3 4 5 6 6 8 9 10 3 12 13 10 14 
26247900 8
0 1 2 3 4 5 6 6 8 9 10 3 12 13 10 15 
26248042 8
0 1 2 3 4 5 6 6 8 9 10 9 12 5 10 7 
26248046 8
0 1 2 3 4 5 6 6 8 9 10 9 12 5 10 11 
26248048 8
0 1 2 3 4 5 6 6 8 9 10 9 12 5 10 13 
26248049 8
0 1 2 3 4 5 6 6 8 9 10 9 12 5 10 14 
26248050 8
0 1 2 3 4 5 6 6 8 9 10 9 12 5 10 15 
26248091 8
0 1 2 3 4 5 6 6 8 9 10 9 12 12 10 11 
26248094 8
0 1 2 3 4 5 6 6 8 9 10 9 12 12 10 14 
26248095 8
0 1 2 3 4 5 6 6 8 9 10 9 12 12 10 15 
26248101 8
0 1 2 3 4 5 6 6 8 9 10 9 12 13 10 6 
26248102 8
0 1 2 3 4 5 6 6 8 9 10 9 12 13 10 7 
26248106 8
0 1 2 3 4 5 6 6 8 9 10 9 12 13 10 11 
26248109 8
0 1 2 3 4 5 6 6 8 9 10 9 12 13 10 14 
26248110 8
0 1 2 3 4 5 6 6 8 9 10 9 12 13 10 15 
26248250 8
0 1 2 3 4 5 6 6 8 9 10 11 12 5 10 5 
26248252 8
0 1 2 3 4 5 6 6 8 9 10 11 12 5 10 7 
26248258 8
0 1 2 3 4 5 6 6 8 9 10 11 12 5 10 13 
26248259 8
0 1 2 3 4 5 6 6 8 9 10 11 12 5 10 14 
26248260 8
0 1 2 3 4 5 6 6 8 9 10 11 12 5 10 15 
26248295 8
0 1 2 3 4 5 6 6 8 9 10 11 12 12 10 5 
26248300 8
0 1 2 3 4 5 6 6 8 9 10 11 12 12 10 10 
26248304 8
0 1 2 3 4 5 6 6 8 9 10 11 12 12 10 14 
26248305 8
0 1 2 3 4 5 6 6 8 9 10 11 12 12 10 15 
26248311 8
0 1 2 3 4 5 6 6 8 9 10 11 12 13 10 6 
26248312 8
0 1 2 3 4 5 6 6 8 9 10 11 12 13 10 7 
26248315 8
0 1 2 3 4 5 6 6 8 9 10 11 12 13 10 10 
26248318 8
0 1 2 3 4 5 6 6 8 9 10 11 12 13 10 13 
26248319 8
0 1 2 3 4 5 6 6 8 9 10 11 12 13 10 14 
26248320 8
0 1 2 3 4 5 6 6 8 9 10 11 12 13 10 15 
26248567 8
0 1 2 3 4 5 6 6 8 9 10 3 12 5 12 7 
26248574 8
0 1 2 3 4 5 6 6 8 9 10 3 12 5 12 14 
26248575 8
0 1 2 3 4 5 6 6 8 9 10 3 12 5 12 15 
26248597 8
0 1 2 3 4 5 6 6 8 9 10 3 12 9 12 7 
26248601 8
0 1 2 3 4 5 6 6 8 9 10 3 12 9 12 11 
26248603 8
0 1 2 3 4 5 6 6 8 9 10 3 12 9 12 13 
26248604 8
0 1 2 3 4 5 6 6 8 9 10 3 12 9 12 14 
26248605 8
0 1 2 3 4 5 6 6 8 9 10 3 12 9 12 15 
26248623 8
0 1 2 3 4 5 6 6 8 9 10 3 12 13 12 3 
26248627 8
0 1 2 3 4 5 6 6 8 9 10 3 12 13 12 7 
26248631 8
0 1 2 3 4 5 6 6 8 9 10 3 12 13 12 11 
26248634 8
0 1 2 3 4 5 6 6 8 9 10 3 12 13 12 14 
26248635 8
0 1 2 3 4 5 6 6 8 9 10 3 12 13 12 15 
26248777 8
0 1 2 3 4 5 6 6 8 9 10 9 12 5 12 7 
26248783 8
0 1 2 3 4 5 6 6 8 9 10 9 12 5 12 13 
26248785 8
0 1 2 3 4 5 6 6 8 9 10 9 12 5 12 15 
26248888 8
0 1 2 3 4 5 6 6 8 9 10 10 12 5 12 13 
26248889 8
0 1 2 3 4 5 6 6 8 9 10 10 12 5 12 14 
26248890 8
0 1 2 3 4 5 6 6 8 9 10 10 12 5 12 15 
26248918 8
0 1 2 3 4 5 6 6 8 9 10 10 12 9 12 13 
26248919 8
0 1 2 3 4 5 6 6 8 9 10 10 12 9 12 14 
26248920 8
0 1 2 3 4 5 6 6 8 9 10 10 12 9 12 15 
26248938 8
0 1 2 3 4 5 6 6 8 9 10 10 12 13 12 3 
26248947 8
0 1 2 3 4 5 6 6 8 9 10 10 12 13 12 12 
26248949 8
0 1 2 3 4 5 6 6 8 9 10 10 12 13 12 14 
26248950 8
0 1 2 3 4 5 6 6 8 9 10 10 12 13 12 15 
26248984 8
0 1 2 3 4 5 6 6 8 9 10 11 12 5 12 4 
26248987 8
0 1 2 3 4 5 6 6 8 9 10 11 12 5 12 7 
26248991 8
0 1 2 3 4 5 6 6 8 9 10 11 12 5 12 11 
26248993 8
0 1 2 3 4 5 6 6 8 9 10 11 12 5 12 13 
26248994 8
0 1 2 3 4 5 6 6 8 9 10 11 12 5 12 14 
26248995 8
0 1 2 3 4 5 6 6 8 9 10 11 12 5 12 15 
26249016 8
0 1 2 3 4 5 6 6 8 9 10 11 12 9 12 6 
26249017 8
0 1 2 3 4 5 6 6 8 9 10 11 12 9 12 7 
26249023 8
0 1 2 3 4 5 6 6 8 9 10 11 12 9 12 13 
26249024 8
0 1 2 3 4 5 6 6 8 9 10 11 12 9 12 14 
26249025 8
0 1 2 3 4 5 6 6 8 9 10 11 12 9 12 15 
26249046 8
0 1 2 3 4 5 6 6 8 9 10 11 12 13 12 6 
26249047 8
0 1 2 3 4 5 6 6 8 9 10 11 12 13 12 7 
26249051 8
0 1 2 3 4 5 6 6 8 9 10 11 12 13 12 11 
26249052 8
0 1 2 3 4 5 6 6 8 9 10 11 12 13 12 12 
26249054 8
0 1 2 3 4 5 6 6 8 9 10 11 12 13 12 14 
26249055 8
0 1 2 3 4 5 6 6 8 9 10 11 12 13 12 15 
26249301 8
0 1 2 3 4 5 6 6 8 9 10 3 12 5 14 6 
26249302 8
0 1 2 3 4 5 6 6 8 9 10 3 12 5 14 7 
26249304 8
0 1 2 3 4 5 6 6 8 9 10 3 12 5 14 9 
26249310 8
0 1 2 3 4 5 6 6 8 9 10 3 12 5 14 15 
26249332 8
0 1 2 3 4 5 6 6 8 9 10 3 12 9 14 7 
26249334 8
0 1 2 3 4 5 6 6 8 9 10 3 12 9 14 9 
26249336 8
0 1 2 3 4 5 6 6 8 9 10 3 12 9 14 11 
26249338 8
0 1 2 3 4 5 6 6 8 9 10 3 12 9 14 13 
26249340 8
0 1 2 3 4 5 6 6 8 9 10 3 12 9 14 15 
26249358 8
0 1 2 3 4 5 6 6 8 9 10 3 12 13 14 3 
26249361 8
0 1 2 3 4 5 6 6 8 9 10 3 12 13 14 6 
26249362 8
0 1 2 3 4 5 6 6 8 9 10 3 12 13 14 7 
26249366 8
0 1 2 3 4 5 6 6 8 9 10 3 12 13 14 11 
26249368 8
0 1 2 3 4 5 6 6 8 9 10 3 12 13 14 13 
26249370 8
0 1 2 3 4 5 6 6 8 9 10 3 12 13 14 15 
26249512 8
0 1 2 3 4 5 6 6 8 9 10 9 12 5 14 7 
26249514 8
0 1 2 3 4 5 6 6 8 9 10 9 12 5 14 9 
26249516 8
0 1 2 3 4 5 6 6 8 9 10 9 12 5 14 11 
26249518 8
0 1 2 3 4 5 6 6 8 9 10 9 12 5 14 13 
26249520 8
0 1 2 3 4 5 6 6 8 9 10 9 12 5 14 15 
26249542 8
0 1 2 3 4 5 6 6 8 9 10 9 12 9 14 7 
26249544 8
0 1 2 3 4 5 6 6 8 9 10 9 12 9 14 9 
26249550 8
0 1 2 3 4 5 6 6 8 9 10 9 12 9 14 15 
26249568 8
0 1 2 3 4 5 6 6 8 9 10 9 12 13 14 3 
26249572 8
0 1 2 3 4 5 6 6 8 9 10 9 12 13 14 7 
26249576 8
0 1 2 3 4 5 6 6 8 9 10 9 12 13 14 11 
26249580 8
0 1 2 3 4 5 6 6 8 9 10 9 12 13 14 15 
26249720 8
0 1 2 3 4 5 6 6 8 9 10 11 12 5 14 5 
26249721 8
0 1 2 3 4 5 6 6 8 9 10 11 12 5 14 6 
26249722 8
0 1 2 3 4 5 6 6 8 9 10 11 12 5 14 7 
26249726 8
0 1 2 3 4 5 6 6 8 9 10 11 12 5 14 11 
26249728 8
0 1 2 3 4 5 6 6 8 9 10 11 12 5 14 13 
26249730 8
0 1 2 3 4 5 6 6 8 9 10 11 12 5 14 15 
26249750 8
0 1 2 3 4 5 6 6 8 9 10 11 12 9 14 5 
26249752 8
0 1 2 3 4 5 6 6 8 9 10 11 12 9 14 7 
26249758 8
0 1 2 3 4 5 6 6 8 9 10 11 12 9 14 13 
26249760 8
0 1 2 3 4 5 6 6 8 9 10 11 12 9 14 15 
26249778 8
0 1 2 3 4 5 6 6 8 9 10 11 12 13 14 3 
26249780 8
0 1 2 3 4 5 6 6 8 9 10 11 12 13 14 5 
26249781 8
0 1 2 3 4 5 6 6 8 9 10 11 12 13 14 6 
26249782 8
0 1 2 3 4 5 6 6 8 9 10 11 12 13 14 7 
26249786 8
0 1 2 3 4 5 6 6 8 9 10 11 12 13 14 11 
26249788 8
0 1 2 3 4 5 6 6 8 9 10 11 12 13 14 13 
26249790 8
0 1 2 3 4 5 6 6 8 9 10 11 12 13 14 15 
26251749 8
0 1 2 3 4 5 6 7 8 9 10 9 12 9 6 9 
26251754 8
0 1 2 3 4 5 6 7 8 9 10 9 12 9 6 14 
26251755 8
0 1 2 3 4 5 6 7 8 9 10 9 12 9 6 15 
26251764 8
0 1 2 3 4 5 6 7 8 9 10 9 12 12 6 9 
26251766 8
0 1 2 3 4 5 6 7 8 9 10 9 12 12 6 11 
26251768 8
0 1 2 3 4 5 6 7 8 9 10 9 12 12 6 13 
26251769 8
0 1 2 3 4 5 6 7 8 9 10 9 12 12 6 14 
26251770 8
0 1 2 3 4 5 6 7 8 9 10 9 12 12 6 15 
26251780 8
0 1 2 3 4 5 6 7 8 9 10 9 12 13 6 10 
26251781 8
0 1 2 3 4 5 6 7 8 9 10 9 12 13 6 11 
26251784 8
0 1 2 3 4 5 6 7 8 9 10 9 12 13 6 14 
26251785 8
0 1 2 3 4 5 6 7 8 9 10 9 12 13 6 15 
26251854 8
0 1 2 3 4 5 6 7 8 9 10 10 12 9 6 9 
26251856 8
0 1 2 3 4 5 6 7 8 9 10 10 12 9 6 11 
26251858 8
0 1 2 3 4 5 6 7 8 9 10 10 12 9 6 13 
26251859 8
0 1 2 3 4 5 6 7 8 9 10 10 12 9 6 14 
26251860 8
0 1 2 3 4 5 6 7 8 9 10 10 12 9 6 15 
26251866 8
0 1 2 3 4 5 6 7 8 9 10 10 12 12 6 6 
26251869 8
0 1 2 3 4 5 6 7 8 9 10 10 12 12 6 9 
26251874 8
0 1 2 3 4 5 6 7 8 9 10 10 12 12 6 14 
26251875 8
0 1 2 3 4 5 6 7 8 9 10 10 12 12 6 15 
26251881 8
0 1 2 3 4 5 6 7 8 9 10 10 12 13 6 6 
26251885 8
0 1 2 3 4 5 6 7 8 9 10 10 12 13 6 10 
26251886 8
0 1 2 3 4 5 6 7 8 9 10 10 12 13 6 11 
26251888 8
0 1 2 3 4 5 6 7 8 9 10 10 12 13 6 13 
26251889 8
0 1 2 3 4 5 6 7 8 9 10 10 12 13 6 14 
26251890 8
0 1 2 3 4 5 6 7 8 9 10 10 12 13 6 15 
26251962 8
0 1 2 3 4 5 6 7 8 9 10 11 12 9 6 12 
26251963 8
0 1 2 3 4 5 6 7 8 9 10 11 12 9 6 13 
26251964 8
0 1 2 3 4 5 6 7 8 9 10 11 12 9 6 14 
26251965 8
0 1 2 3 4 5 6 7 8 9 10 11 12 9 6 15 
26251971 8
0 1 2 3 4 5 6 7 8 9 10 11 12 12 6 6 
26251976 8
0 1 2 3 4 5 6 7 8 9 10 11 12 12 6 11 
26251977 8
0 1 2 3 4 5 6 7 8 9 10 11 12 12 6 12 
26251978 8
0 1 2 3 4 5 6 7 8 9 10 11 12 12 6 13 
26251979 8
0 1 2 3 4 5 6 7 8 9 10 11 12 12 6 14 
26251980 8
0 1 2 3 4 5 6 7 8 9 10 11 12 12 6 15 
26251986 8
0 1 2 3 4 5 6 7 8 9 10 11 12 13 6 6 
26251990 8
0 1 2 3 4 5 6 7 8 9 10 11 12 13 6 10 
26251991 8
0 1 2 3 4 5 6 7 8 9 10 11 12 13 6 11 
26251992 8
0 1 2 3 4 5 6 7 8 9 10 11 12 13 6 12 
26251993 8
0 1 2 3 4 5 6 7 8 9 10 11 12 13 6 13 
26251994 8
0 1 2 3 4 5 6 7 8 9 10 11 12 13 6 14 
26251995 8
0 1 2 3 4 5 6 7 8 9 10 11 12 13 6 15 
26253003 8
0 1 2 3 4 5 6 7 8 9 10 3 12 9 10 3 
26253011 8
0 1 2 3 4 5 6 7 8 9 10 3 12 9 10 11 
26253012 8
0 1 2 3 4 5 6 7 8 9 10 3 12 9 10 12 
26253015 8
0 1 2 3 4 5 6 7 8 9 10 3 12 9 10 15 
26253026 8
0 1 2 3 4 5 6 7 8 9 10 3 12 12 10 11 
26253027 8
0 1 2 3 4 5 6 7 8 9 10 3 12 12 10 12 
26253028 8
0 1 2 3 4 5 6 7 8 9 10 3 12 12 10 13 
26253029 8
0 1 2 3 4 5 6 7 8 9 10 3 12 12 10 14 
26253030 8
0 1 2 3 4 5 6 7 8 9 10 3 12 12 10 15 
26253033 8
0 1 2 3 4 5 6 7 8 9 10 3 12 13 10 3 
26253040 8
0 1 2 3 4 5 6 7 8 9 10 3 12 13 10 10 
26253041 8
0 1 2 3 4 5 6 7 8 9 10 3 12 13 10 11 
26253043 8
0 1 2 3 4 5 6 7 8 9 10 3 12 13 10 13 
26253044 8
0 1 2 3 4 5 6 7 8 9 10 3 12 13 10 14 
26253045 8
0 1 2 3 4 5 6 7 8 9 10 3 12 13 10 15 
26253190 8
0 1 2 3 4 5 6 7 8 9 10 9 12 5 10 10 
26253191 8
0 1 2 3 4 5 6 7 8 9 10 9 12 5 10 11 
26253193 8
0 1 2 3 4 5 6 7 8 9 10 9 12 5 10 13 
26253194 8
0 1 2 3 4 5 6 7 8 9 10 9 12 5 10 14 
26253195 8
0 1 2 3 4 5 6 7 8 9 10 9 12 5 10 15 
26253232 8
0 1 2 3 4 5 6 7 8 9 10 9 12 12 10 7 
26253233 8
0 1 2 3 4 5 6 7 8 9 10 9 12 12 10 8 
26253236 8
0 1 2 3 4 5 6 7 8 9 10 9 12 12 10 11 
26253238 8
0 1 2 3 4 5 6 7 8 9 10 9 12 12 10 13 
26253239 8
0 1 2 3 4 5 6 7 8 9 10 9 12 12 10 14 
26253240 8
0 1 2 3 4 5 6 7 8 9 10 9 12 12 10 15 
26253247 8
0 1 2 3 4 5 6 7 8 9 10 9 12 13 10 7 
26253249 8
0 1 2 3 4 5 6 7 8 9 10 9 12 13 10 9 
26253250 8
0 1 2 3 4 5 6 7 8 9 10 9 12 13 10 10 
26253251 8
0 1 2 3 4 5 6 7 8 9 10 9 12 13 10 11 
26253254 8
0 1 2 3 4 5 6 7 8 9 10 9 12 13 10 14 
26253255 8
0 1 2 3 4 5 6 7 8 9 10 9 12 13 10 15 
26253295 8
0 1 2 3 4 5 6 7 8 9 10 10 12 5 10 10 
26253298 8
0 1 2 3 4 5 6 7 8 9 10 10 12 5 10 13 
26253300 8
0 1 2 3 4 5 6 7 8 9 10 10 12 5 10 15 
26253352 8
0 1 2 3 4 5 6 7 8 9 10 10 12 13 10 7 
26253355 8
0 1 2 3 4 5 6 7 8 9 10 10 12 13 10 10 
26253358 8
0 1 2 3 4 5 6 7 8 9 10 10 12 13 10 13 
26253360 8
0 1 2 3 4 5 6 7 8 9 10 10 12 13 10 15 
26253402 8
0 1 2 3 4 5 6 7 8 9 10 11 12 5 10 12 
26253403 8
0 1 2 3 4 5 6 7 8 9 10 11 12 5 10 13 
26253404 8
0 1 2 3 4 5 6 7 8 9 10 11 12 5 10 14 
26253405 8
0 1 2 3 4 5 6 7 8 9 10 11 12 5 10 15 
26253442 8
0 1 2 3 4 5 6 7 8 9 10 11 12 12 10 7 
26253445 8
0 1 2 3 4 5 6 7 8 9 10 11 12 12 10 10 
26253447 8
0 1 2 3 4 5 6 7 8 9 10 11 12 12 10 12 
26253448 8
0 1 2 3 4 5 6 7 8 9 10 11 12 12 10 13 
26253449 8
0 1 2 3 4 5 6 7 8 9 10 11 12 12 10 14 
26253450 8
0 1 2 3 4 5 6 7 8 9 10 11 12 12 10 15 
26253456 8
0 1 2 3 4 5 6 7 8 9 10 11 12 13 10 6 
26253457 8
0 1 2 3 4 5 6 7 8 9 10 11 12 13 10 7 
26253460 8
0 1 2 3 4 5 6 7 8 9 10 11 12 13 10 10 
26253462 8
0 1 2 3 4 5 6 7 8 9 10 11 12 13 10 12 
26253463 8
0 1 2 3 4 5 6 7 8 9 10 11 12 13 10 13 
26253464 8
0 1 2 3 4 5 6 7 8 9 10 11 12 13 10 14 
26253465 8
0 1 2 3 4 5 6 7 8 9 10 11 12 13 10 15 
26253746 8
0 1 2 3 4 5 6 7 8 9 10 3 12 9 12 11 
26253747 8
0 1 2 3 4 5 6 7 8 9 10 3 12 9 12 12 
26253748 8
0 1 2 3 4 5 6 7 8 9 10 3 12 9 12 13 
26253749 8
0 1 2 3 4 5 6 7 8 9 10 3 12 9 12 14 
26253750 8
0 1 2 3 4 5 6 7 8 9 10 3 12 9 12 15 
26253761 8
0 1 2 3 4 5 6 7 8 9 10 3 12 12 12 11 
26253762 8
0 1 2 3 4 5 6 7 8 9 10 3 12 12 12 12 
26253765 8
0 1 2 3 4 5 6 7 8 9 10 3 12 12 12 15 
26253775 8
0 1 2 3 4 5 6 7 8 9 10 3 12 13 12 10 
26253776 8
0 1 2 3 4 5 6 7 8 9 10 3 12 13 12 11 
26253779 8
0 1 2 3 4 5 6 7 8 9 10 3 12 13 12 14 
26253780 8
0 1 2 3 4 5 6 7 8 9 10 3 12 13 12 15 
26253920 8
0 1 2 3 4 5 6 7 8 9 10 9 12 5 12 5 
26253925 8
0 1 2 3 4 5 6 7 8 9 10 9 12 5 12 10 
26253928 8
0 1 2 3 4 5 6 7 8 9 10 9 12 5 12 13 
26253930 8
0 1 2 3 4 5 6 7 8 9 10 9 12 5 12 15 
26254030 8
0 1 2 3 4 5 6 7 8 9 10 10 12 5 12 10 
26254031 8
0 1 2 3 4 5 6 7 8 9 10 10 12 5 12 11 
26254033 8
0 1 2 3 4 5 6 7 8 9 10 10 12 5 12 13 
26254034 8
0 1 2 3 4 5 6 7 8 9 10 10 12 5 12 14 
26254035 8
0 1 2 3 4 5 6 7 8 9 10 10 12 5 12 15 
26254057 8
0 1 2 3 4 5 6 7 8 9 10 10 12 9 12 7 
26254058 8
0 1 2 3 4 5 6 7 8 9 10 10 12 9 12 8 
26254061 8
0 1 2 3 4 5 6 7 8 9 10 10 12 9 12 11 
26254063 8
0 1 2 3 4 5 6 7 8 9 10 10 12 9 12 13 
26254064 8
0 1 2 3 4 5 6 7 8 9 10 10 12 9 12 14 
26254065 8
0 1 2 3 4 5 6 7 8 9 10 10 12 9 12 15 
26254087 8
0 1 2 3 4 5 6 7 8 9 10 10 12 13 12 7 
26254090 8
0 1 2 3 4 5 6 7 8 9 10 10 12 13 12 10 
26254091 8
0 1 2 3 4 5 6 7 8 9 10 10 12 13 12 11 
26254092 8
0 1 2 3 4 5 6 7 8 9 10 10 12 13 12 12 
26254094 8
0 1 2 3 4 5 6 7 8 9 10 10 12 13 12 14 
26254095 8
0 1 2 3 4 5 6 7 8 9 10 10 12 13 12 15 
26254130 8
0 1 2 3 4 5 6 7 8 9 10 11 12 5 12 5 
26254136 8
0 1 2 3 4 5 6 7 8 9 10 11 12 5 12 11 
26254137 8
0 1 2 3 4 5 6 7 8 9 10 11 12 5 12 12 
26254138 8
0 1 2 3 4 5 6 7 8 9 10 11 12 5 12 13 
26254139 8
0 1 2 3 4 5 6 7 8 9 10 11 12 5 12 14 
26254140 8
0 1 2 3 4 5 6 7 8 9 10 11 12 5 12 15 
26254162 8
0 1 2 3 4 5 6 7 8 9 10 11 12 9 12 7 
26254164 8
0 1 2 3 4 5 6 7 8 9 10 11 12 9 12 9 
26254167 8
0 1 2 3 4 5 6 7 8 9 10 11 12 9 12 12 
26254168 8
0 1 2 3 4 5 6 7 8 9 10 11 12 9 12 13 
26254169 8
0 1 2 3 4 5 6 7 8 9 10 11 12 9 12 14 
26254170 8
0 1 2 3 4 5 6 7 8 9 10 11 12 9 12 15 
26254177 8
0 1 2 3 4 5 6 7 8 9 10 11 12 12 12 7 
26254181 8
0 1 2 3 4 5 6 7 8 9 10 11 12 12 12 11 
26254182 8
0 1 2 3 4 5 6 7 8 9 10 11 12 12 12 12 
26254185 8
0 1 2 3 4 5 6 7 8 9 10 11 12 12 12 15 
26254191 8
0 1 2 3 4 5 6 7 8 9 10 11 12 13 12 6 
26254192 8
0 1 2 3 4 5 6 7 8 9 10 11 12 13 12 7 
26254195 8
0 1 2 3 4 5 6 7 8 9 10 11 12 13 12 10 
26254196 8
0 1 2 3 4 5 6 7 8 9 10 11 12 13 12 11 
26254197 8
0 1 2 3 4 5 6 7 8 9 10 11 12 13 12 12 
26254199 8
0 1 2 3 4 5 6 7 8 9 10 11 12 13 12 14 
26254200 8
0 1 2 3 4 5 6 7 8 9 10 11 12 13 12 15 
26254473 8
0 1 2 3 4 5 6 7 8 9 10 3 12 9 14 3 
26254479 8
0 1 2 3 4 5 6 7 8 9 10 3 12 9 14 9 
26254481 8
0 1 2 3 4 5 6 7 8 9 10 3 12 9 14 11 
26254483 8
0 1 2 3 4 5 6 7 8 9 10 3 12 9 14 13 
26254484 8
0 1 2 3 4 5 6 7 8 9 10 3 12 9 14 14 
26254485 8
0 1 2 3 4 5 6 7 8 9 10 3 12 9 14 15 
26254494 8
0 1 2 3 4 5 6 7 8 9 10 3 12 12 14 9 
26254496 8
0 1 2 3 4 5 6 7 8 9 10 3 12 12 14 11 
26254498 8
0 1 2 3 4 5 6 7 8 9 10 3 12 12 14 13 
26254500 8
0 1 2 3 4 5 6 7 8 9 10 3 12 12 14 15 
26254503 8
0 1 2 3 4 5 6 7 8 9 10 3 12 13 14 3 
26254509 8
0 1 2 3 4 5 6 7 8 9 10 3 12 13 14 9 
26254510 8
0 1 2 3 4 5 6 7 8 9 10 3 12 13 14 10 
26254511 8
0 1 2 3 4 5 6 7 8 9 10 3 12 13 14 11 
26254513 8
0 1 2 3 4 5 6 7 8 9 10 3 12 13 14 13 
26254514 8
0 1 2 3 4 5 6 7 8 9 10 3 12 13 14 14 
26254515 8
0 1 2 3 4 5 6 7 8 9 10 3 12 13 14 15 
26254655 8
0 1 2 3 4 5 6 7 8 9 10 9 12 5 14 5 
26254659 8
0 1 2 3 4 5 6 7 8 9 10 9 12 5 14 9 
26254661 8
0 1 2 3 4 5 6 7 8 9 10 9 12 5 14 11 
26254663 8
0 1 2 3 4 5 6 7 8 9 10 9 12 5 14 13 
26254664 8
0 1 2 3 4 5 6 7 8 9 10 9 12 5 14 14 
26254665 8
0 1 2 3 4 5 6 7 8 9 10 9 12 5 14 15 
26254687 8
0 1 2 3 4 5 6 7 8 9 10 9 12 9 14 7 
26254689 8
0 1 2 3 4 5 6 7 8 9 10 9 12 9 14 9 
26254694 8
0 1 2 3 4 5 6 7 8 9 10 9 12 9 14 14 
26254695 8
0 1 2 3 4 5 6 7 8 9 10 9 12 9 14 15 
26254702 8
0 1 2 3 4 5 6 7 8 9 10 9 12 12 14 7 
26254704 8
0 1 2 3 4 5 6 7 8 9 10 9 12 12 14 9 
26254706 8
0 1 2 3 4 5 6 7 8 9 10 9 12 12 14 11 
26254707 8
0 1 2 3 4 5 6 7 8 9 10 9 12 12 14 12 
26254708 8
0 1 2 3 4 5 6 7 8 9 10 9 12 12 14 13 
26254710 8
0 1 2 3 4 5 6 7 8 9 10 9 12 12 14 15 
26254713 8
0 1 2 3 4 5 6 7 8 9 10 9 12 13 14 3 
26254717 8
0 1 2 3 4 5 6 7 8 9 10 9 12 13 14 7 
26254719 8
0 1 2 3 4 5 6 7 8 9 10 9 12 13 14 9 
26254720 8
0 1 2 3 4 5 6 7 8 9 10 9 12 13 14 10 
26254721 8
0 1 2 3 4 5 6 7 8 9 10 9 12 13 14 11 
26254724 8
0 1 2 3 4 5 6 7 8 9 10 9 12 13 14 14 
26254725 8
0 1 2 3 4 5 6 7 8 9 10 9 12 13 14 15 
26254764 8
0 1 2 3 4 5 6 7 8 9 10 10 12 5 14 9 
26254766 8
0 1 2 3 4 5 6 7 8 9 10 10 12 5 14 11 
26254768 8
0 1 2 3 4 5 6 7 8 9 10 10 12 5 14 13 
26254770 8
0 1 2 3 4 5 6 7 8 9 10 10 12 5 14 15 
26254792 8
0 1 2 3 4 5 6 7 8 9 10 10 12 9 14 7 
26254794 8
0 1 2 3 4 5 6 7 8 9 10 10 12 9 14 9 
26254795 8
0 1 2 3 4 5 6 7 8 9 10 10 12 9 14 10 
26254796 8
0 1 2 3 4 5 6 7 8 9 10 10 12 9 14 11 
26254798 8
0 1 2 3 4 5 6 7 8 9 10 10 12 9 14 13 
26254800 8
0 1 2 3 4 5 6 7 8 9 10 10 12 9 14 15 
26254818 8
0 1 2 3 4 5 6 7 8 9 10 10 12 13 14 3 
26254822 8
0 1 2 3 4 5 6 7 8 9 10 10 12 13 14 7 
26254824 8
0 1 2 3 4 5 6 7 8 9 10 10 12 13 14 9 
26254825 8
0 1 2 3 4 5 6 7 8 9 10 10 12 13 14 10 
26254826 8
0 1 2 3 4 5 6 7 8 9 10 10 12 13 14 11 
26254828 8
0 1 2 3 4 5 6 7 8 9 10 10 12 13 14 13 
26254830 8
0 1 2 3 4 5 6 7 8 9 10 10 12 13 14 15 
26254865 8
0 1 2 3 4 5 6 7 8 9 10 11 12 5 14 5 
26254869 8
0 1 2 3 4 5 6 7 8 9 10 11 12 5 14 9 
26254871 8
0 1 2 3 4 5 6 7 8 9 10 11 12 5 14 11 
26254872 8
0 1 2 3 4 5 6 7 8 9 10 11 12 5 14 12 
26254873 8
0 1 2 3 4 5 6 7 8 9 10 11 12 5 14 13 
26254874 8
0 1 2 3 4 5 6 7 8 9 10 11 12 5 14 14 
26254875 8
0 1 2 3 4 5 6 7 8 9 10 11 12 5 14 15 
26254895 8
0 1 2 3 4 5 6 7 8 9 10 11 12 9 14 5 
26254897 8
0 1 2 3 4 5 6 7 8 9 10 11 12 9 14 7 
26254899 8
0 1 2 3 4 5 6 7 8 9 10 11 12 9 14 9 
26254902 8
0 1 2 3 4 5 6 7 8 9 10 11 12 9 14 12 
26254903 8
0 1 2 3 4 5 6 7 8 9 10 11 12 9 14 13 
26254904 8
0 1 2 3 4 5 6 7 8 9 10 11 12 9 14 14 
26254905 8
0 1 2 3 4 5 6 7 8 9 10 11 12 9 14 15 
26254910 8
0 1 2 3 4 5 6 7 8 9 10 11 12 12 14 5 
26254912 8
0 1 2 3 4 5 6 7 8 9 10 11 12 12 14 7 
26254914 8
0 1 2 3 4 5 6 7 8 9 10 11 12 12 14 9 
26254916 8
0 1 2 3 4 5 6 7 8 9 10 11 12 12 14 11 
26254917 8
0 1 2 3 4 5 6 7 8 9 10 11 12 12 14 12 
26254918 8
0 1 2 3 4 5 6 7 8 9 10 11 12 12 14 13 
26254920 8
0 1 2 3 4 5 6 7 8 9 10 11 12 12 14 15 
26254923 8
0 1 2 3 4 5 6 7 8 9 10 11 12 13 14 3 
26254925 8
0 1 2 3 4 5 6 7 8 9 10 11 12 13 14 5 
26254926 8
0 1 2 3 4 5 6 7 8 9 10 11 12 13 14 6 
26254927 8
0 1 2 3 4 5 6 7 8 9 10 11 12 13 14 7 
26254929 8
0 1 2 3 4 5 6 7 8 9 10 11 12 13 14 9 
26254930 8
0 1 2 3 4 5 6 7 8 9 10 11 12 13 14 10 
26254931 8
0 1 2 3 4 5 6 7 8 9 10 11 12 13 14 11 
26254932 8
0 1 2 3 4 5 6 7 8 9 10 11 12 13 14 12 
26254933 8
0 1 2 3 4 5 6 7 8 9 10 11 12 13 14 13 
26254934 8
0 1 2 3 4 5 6 7 8 9 10 11 12 13 14 14 
26254935 8
0 1 2 3 4 5 6 7 8 9 10 11 12 13 14 15 
